$ANSIBLE_VAULT;1.1;AES256
61383435376161653637323335366661393966333037323437383565363762363466333366653464
3531303461396562373765363466346433313835626361340a333631643566323735333536393666
39333466613166326131663331326266653562353038646330653737363863663430353439303137
3131366463393565320a316332376437363962343936653564343238323931313964346534343437
33613834313436613631303762633763363861663530363332386161663533313931646237623964
37353466616639636537323861333032303761306439356161363036643530383137383761343766
65633734383833653337653437346530386166396462333438636264343564353464653666663934
30383062633562386366653237643530383639663537323733353234646362623665646231646131
37383661666134666564353662646164646637363538343864653264653939633233623838623633
61643639656231393231333866333763313564313436316363356536353962323666613265613164
65633139326439326263653531316638373264343035643061366239323839393163656461643137
34313739343236386366363232356162376635323834623335386435653831666266396439656436
31626130646531333065373830373364316339663633333065383336613463333837663365633632
66646434383363633365363632376437343239306164356539366138613430643134626331323238
37303037313864663661366461643539346535343366646166303166633735623737376464316134
34616632663565393033373034363636636461313733373961303535663638613064616462613364
38306566646138633161343139393231326131633635326630396537623562323231323033623436
6139363637373535376633303636633666323964333833613132
